entropy_weights: [0.75, 0.25]
entropy_weights: [0.1499999999999999, 0.8500000000000001]
entropy_weights: [0.120600965976715, 0.879399034023285]
entropy_weights: [0.10381584331035605, 0.8961841566896439]